STD SETTING: Y_1_2
DET1
-2.835247967718052e-08	0.0031892720107126733	949.5614238036549
-2.5774981524768702e-08	0.003240920237589039	965.946696780785
-3.0929977830242864e-08	0.00330237018520696	982.9062507242742
6.443745381094597e-08	0.0032153757808524026	1000.3846918803201
-3.09299778299176e-08	0.0034155401986383773	1018.6574207688877
-3.350747598265468e-08	0.0034806837257065344	1037.5155450773734
-5.1549963049537405e-08	0.0035904051696357127	1057.049895665395
-1.2887490762254248e-07	0.003794985743146961	1077.359455285343
-4.123997043989013e-08	0.0036907472021947547	1098.4650543547898
DET2
-8.763493718395339e-08	0.0031063534946624838	956.4288495690893
5.154996304173115e-09	0.003063083308301184	972.7989470405987
-3.092997782959234e-08	0.0031535530060260992	990.0159803295035
-3.350747598265468e-08	0.0032116149791305837	1007.6966525801395
-3.60849741350665e-08	0.003271687974732539	1026.0139746471011
-3.350747598200416e-08	0.003323323971745617	1045.0024460063592
3.0929977828941815e-08	0.0033349686598952424	1064.601802115019
-3.092997782959234e-08	0.0034413562365662722	1085.1436962770786
-1.1856491501289519e-07	0.0036347046061659945	1106.4222769406203
DET3
-7.216994826915721e-08	0.002983130968965797	962.9420205802426
-4.381746859230195e-08	0.002967131096499098	979.5851796932102
-3.350747598265468e-08	0.0029976521493212944	996.7838439395987
-3.350747598200416e-08	0.003050528635991534	1014.5800692224315
-6.959245011707066e-08	0.003210216465106996	1032.9414823750235
-4.3817468591651427e-08	0.0031812539199218555	1052.124421706452
-4.3817468591651427e-08	0.0032381835216482853	1071.9499828550129
-3.866247228747832e-08	0.003286013901642182	1092.533813703218
-5.1549963050187926e-08	0.003369693062668765	1113.8972334820614

STD SETTING: Y_2_2
DET1
-2.3197483372682143e-08	0.003251928095270306	964.2923576225471
-5.154996305474157e-09	0.003268841434118541	981.2340820740739
1.5722738729842197e-07	0.0029657644778473546	998.8342749995783
-2.3197483372356882e-08	0.003417024645413213	1016.9250078707852
-3.0929977830242864e-08	0.0034983745140664264	1035.7406098553372
3.350747598070312e-08	0.00341316744233	1055.3502306334021
1.494948928411865e-07	0.0032459972851337495	1075.6365799012187
-3.866247228747832e-08	0.003704356405266673	1096.5934001364478
DET2
-9.536743164118884e-08	0.003259831124208523	954.7130915445794
-3.092997782959234e-08	0.003119233759358408	971.3267193027217
1.0309992608996752e-08	0.0030886303146914758	988.4185469545514
8.247994087750344e-08	0.0030810580171883864	1005.9027996420949
-2.835247967783104e-08	0.003278739374040773	1024.3145781166816
-3.350747598265468e-08	0.003343947388615542	1043.2721447345423
9.021243533441364e-08	0.0032372104743677572	1062.85030912172
-4.381746859230195e-08	0.003486527721963339	1083.3428363573603
-3.866247228747832e-08	0.0035377709030510736	1104.5438130425098
DET3
2.577498152411818e-08	0.0028874913407298526	961.3920979556516
-3.6084974134415976e-08	0.002974660955515351	978.020067238903
-3.0929977830242864e-08	0.0030108462996213943	995.1915633559233
-3.608497413474124e-08	0.003074695545209227	1012.9542736356204
-1.0052242794536195e-07	0.0032321681676156224	1031.3460781355807
-5.670495935501156e-08	0.0032379520837370057	1050.4124453706163
-3.60849741350665e-08	0.00324255286030084	1070.2392864946826
-1.2371991131836937e-07	0.0034439359066165127	1090.7313795884024
-3.350747598265468e-08	0.003353924208071234	1112.1316453267507

STD SETTING: J_1_3
DET1
-4.381746859230195e-08	0.003764486494220009	1122.1897629301568
-1.5464988915121432e-08	0.00378439722153101	1145.1286770890101
-4.381746859230195e-08	0.0039130211389757355	1168.9837573674854
-3.608497413571702e-08	0.003976336166158112	1193.8680127348612
-3.866247228747832e-08	0.004064340619858497	1219.82025480389
-3.866247228747832e-08	0.004148203331966526	1246.9206452203719
1.6495988175565742e-07	0.0038481197382996815	1275.3321623851095
-5.412746120194922e-08	0.004359996582668723	1304.84612145537
-5.1549963050187926e-08	0.004459472827986644	1335.8672658851815
DET2
7.732494456584932e-09	0.0034934881426702527	1130.284549402256
-5.412746120194922e-08	0.0036866515315879807	1153.3286585978915
-4.381746859230195e-08	0.0037349984482257788	1177.3765887146737
-3.350747598200416e-08	0.0037917960885528452	1202.4341695312335
-4.123997043989013e-08	0.003886289132206455	1228.5613365636636
-4.123997043989013e-08	0.003965911567304191	1255.8449158801218
-5.412746120259974e-08	0.004078415097312993	1284.3455745859728
-4.123997044054066e-08	0.004136965302205864	1314.1795660928124
-9.794492979425118e-08	0.004350362202508839	1345.3949676204475
DET3
-3.350747598265468e-08	0.0033984349595185255	1137.9316912843276
-4.897246489712559e-08	0.0034901189187200856	1161.159931360377
-9.536743164183936e-08	0.0036472120019759298	1185.3388881683957
-1.1856491501354572e-07	0.0037669029544433732	1210.5290227700623
-4.3817468592952476e-08	0.003693485952853014	1236.8824029954192
-5.670495935501156e-08	0.0038125295535306183	1264.3133747358963
-5.670495935436104e-08	0.003878651301645885	1293.0344294369795
-4.381746859230195e-08	0.003934317789911046	1323.0650833322818

STD SETTING: J_2_3
DET1
-4.123997043989013e-08	0.0038005195711071633	1118.388796784643
-2.5774981525419227e-08	0.00384507743362461	1141.2446092687685
-3.866247228747832e-08	0.0039482417652149104	1165.0245900456134
-4.123997043989013e-08	0.004033672305071789	1189.820249468076
-6.443745381224702e-08	0.004175469415816591	1215.652285821278
-4.6394966744713765e-08	0.0042155211820840135	1242.6885249489749
-3.60849741350665e-08	0.004283415545595304	1270.9185909731054
-3.350747598200416e-08	0.004374156495754455	1300.4414547104411
-5.928245750677286e-08	0.004524997100860627	1331.3373340944959
DET2
-1.5464988915121432e-08	0.0035882207393176375	1126.5585009812887
-3.092997782959234e-08	0.003687276635483849	1149.5595036782875
-4.3817468591651427e-08	0.003781441678893826	1173.5127503075546
-5.1549963049537405e-08	0.003873539555219518	1198.4777882558226
-5.1549963048886884e-08	0.003945309961544963	1224.5306273217784
-4.3817468591651427e-08	0.004023369832760636	1251.7254541427023
-4.381746859230195e-08	0.004107966569574462	1280.1443201958182
-4.123997044054066e-08	0.004194088692310526	1309.8707985730107
-4.123997043923961e-08	0.0042873083521592905	1341.0069049905044
DET3
-3.60849741350665e-08	0.0034435535046298807	1134.319901155606
-4.381746859230195e-08	0.0035231218375705304	1157.4800122767062
-2.5774981525419227e-08	0.0035625197626192313	1181.6095820121952
9.278993348682546e-08	0.003395658832716308	1206.7742014171847
-4.3817468592952476e-08	0.003740451222445151	1232.9636144938106
-4.6394966744713765e-08	0.003829054833157208	1260.3351995009773
-4.6394966744713765e-08	0.0039070521224898735	1288.9444998687702
-7.990244272736845e-08	0.004080218331440676	1318.8215861644287
-7.47474464218943e-08	0.004031903751619659	1350.2580226441887

STD SETTING: J_3_3
DET1
-3.866247228747832e-08	0.0038197997827499326	1116.440400302037
-2.835247967783104e-08	0.003870085725919292	1139.2571373118478
-4.123997043989013e-08	0.00397901995575789	1162.9919467759157
-4.381746859230195e-08	0.004059648810160853	1187.749885529123
-3.866247228747832e-08	0.004135942088129062	1213.575112137393
-4.6394966745364286e-08	0.004239870424420644	1240.527563252356
7.732494456584932e-09	0.004263449998290092	1268.7204643998493
-4.6394966745364286e-08	0.00442339241342926	1298.1771554649347
-4.6394966746014814e-08	0.004516775285165252	1329.0368008656703
DET2
-3.866247228747832e-08	0.003650043800402458	1124.6523706364576
-4.123997043989013e-08	0.003731077646045744	1147.6152263584702
-2.3197483373007407e-08	0.0037570928606733825	1171.5612943748174
-3.866247228747832e-08	0.0038734379060817443	1196.4688440486736
-4.897246489647507e-08	0.003977394958311842	1222.4624787287448
-4.123997043923961e-08	0.004040155936018142	1249.6233019468839
4.8972464895824545e-08	0.003974870982819456	1277.946758346599
-4.6394966744713765e-08	0.004230499557130395	1307.6676667090221
-4.6394966744713765e-08	0.004324334690596675	1338.747360367397
DET3
-8.247994087912974e-08	0.0035782596608272543	1132.408616185775
-6.701495196465883e-08	0.0035818299734063914	1155.580227369019
-7.216994826948247e-08	0.0036983044439705673	1179.6225553077088
-3.60849741350665e-08	0.003674539962158496	1204.7794152718807
-4.123997044054066e-08	0.003758628207867098	1230.9593966430298
-4.897246489712559e-08	0.0038584103860381798	1258.2819322502862
-4.381746859230195e-08	0.003926501392747971	1286.8511072652848
-3.350747598265468e-08	0.003992126803920692	1316.7401003219384
-5.670495935501156e-08	0.004126677603096817	1348.0134335184748

STD SETTING: H_1_4
DET1
-5.1549963050187926e-08	0.004728770142499727	1445.8837806866866
-5.412746120259974e-08	0.004858907500991049	1483.9568030933563
-5.670495935501156e-08	0.004985088366214584	1524.083469194082
4.123997043858909e-08	0.004867679592764239	1566.5195128179482
-4.897246489712559e-08	0.005246320560194472	1611.1775074358798
-1.0309992610297795e-08	0.005311403947301673	1658.5696258259115
-2.5774981525419227e-08	0.005520304018421961	1708.7626560248239
1.262974094688296e-07	0.00532488822849364	1762.295302605471
DET2
-4.3817468592952476e-08	0.004488732446282783	1456.0570633847517
-3.608497413571702e-08	0.004597072582457117	1494.386849780184
-6.185995565918469e-08	0.004772397998813459	1534.762971568747
1.0309992608996752e-08	0.0047064267767917825	1577.5180467938217
-6.185995566048573e-08	0.005027913805611849	1622.4523977399597
-3.350747598265468e-08	0.005117256760161393	1670.1552842421197
9.021243533441364e-08	0.004938229361193479	1720.9166995817004
1.237199113170683e-07	0.0051620417075561855	1774.5150153000873
DET3
-6.959245011642014e-08	0.004307277222629358	1465.6805713650983
-6.959245011707066e-08	0.004422402008877445	1504.259634568617
-1.5464988915121432e-08	0.004386408584556523	1545.023318992266
-1.1856491501289519e-07	0.004722079705426262	1587.8134041881153
-6.443745381224702e-08	0.004775224733100657	1633.182430012094
-3.350747598265468e-08	0.004847263339833096	1681.2021794476948
-9.536743164118884e-08	0.004909537939641439	1732.2884793034423
-7.732494457885975e-09	0.005020733580337832	1786.1834634287618

STD SETTING: H_2_4
DET1
-5.1549963050187926e-08	0.004813699141253957	1438.7067003787026
-5.670495935566208e-08	0.004948713691611427	1476.590349569769
-8.763493718330285e-08	0.005164349530906164	1516.463390143164
-6.443745381224702e-08	0.005226265043901889	1558.6457972600438
-5.670495935436104e-08	0.005354155532630077	1603.178975039383
-4.6394966744713765e-08	0.0054827274659998695	1650.3200769196883
-7.732494457560715e-08	0.005720971850254996	1700.2429399797172
-6.701495196530936e-08	0.005858611046120175	1753.333644046734
DET2
-9.278993348877702e-08	0.004577496644858514	1449.0715624365612
8.763493718200181e-08	0.004342352012740801	1487.2440338983772
-7.732494457495664e-08	0.00486846280391806	1527.3987394401383
-1.2114241316595753e-07	0.005066308601670787	1569.8028455519402
-5.1549963048886884e-08	0.005097493231884242	1614.6775815733438
-4.123997044054066e-08	0.005218689916003826	1662.1463358807976
-7.474744642124377e-08	0.005446476371657182	1712.427784559837
-4.897246489647507e-08	0.005549417264541389	1765.8883118371843
DET3
-4.123997043989013e-08	0.004348893105532658	1458.8842170873515
-5.928245750742338e-08	0.004495343600925628	1497.278674304175
-1.1856491501289519e-07	0.004678434493798788	1537.7450643559037
-5.412746120390079e-08	0.004718731861505953	1580.4761769465101
-6.443745381224702e-08	0.0048672419400623826	1625.607615743995
-7.216994826948247e-08	0.005013721036954965	1673.3777463500874
-9.021243533701573e-08	0.005182316151109644	1724.0176151135456
-9.536743164248988e-08	0.005239053630790801	1777.8303922244459

STD SETTING: H_3_4
DET1
-6.984919309410608e-12	-2.8610229493627015e-08	0.0048739651732987305
-5.587935447664583e-11	1.4305114745960662e-07	0.004828118458876361
2.0954757929833583e-11	-5.72204589878353e-08	0.005121143599560961
3.4924596546791314e-11	-1.7166137694965512e-07	0.00541181409057874
6.9849193112112765e-12	-7.152557373562855e-08	0.005446861275473572
6.984919311190339e-12	-7.152557373501536e-08	0.005604595071784345
-3.492459654790103e-11	8.583068847566493e-08	0.005605856645443959
9.778887033508813e-11	-3.147125244157154e-07	0.006112341283012278
DET2
1.0477378964435218e-10	-3.576278686527127e-07	0.004841595686082211
2.0954757928880904e-11	-1.1444091796910967e-07	0.004854959648498397
-2.407871064353584e-22	-7.152557373033485e-08	0.004962733670535605
2.7939677240071243e-11	-8.583068848149886e-08	0.00505478783337251
-2.0954757929875456e-11	2.6651957859805564e-18	0.005161029542067594
-2.7939677238322916e-11	1.4305114745602331e-08	0.005304916416702048
6.28642737860041e-11	-2.2888183593586744e-07	0.00564670879763207
1.396983862037063e-11	-1.4305114749678082e-08	0.005594803196161984
DET3
6.286427378642286e-11	-3.004074096676795e-07	0.004862539350781447
-2.0954757928326047e-11	2.861022949055478e-08	0.004594561713012785
-1.117587089528101e-10	3.1471252441093215e-07	0.00446199393818633
6.984919309871245e-12	4.2915344237438874e-08	0.004637635858064266
-1.3969838618182608e-11	-2.86102294954687e-08	0.0050796909406994
-1.1175870895187836e-10	2.574920654222222e-07	0.0049293132858953355
-4.190951585739539e-11	4.291534423761717e-08	0.005205995720662017

STD SETTING: H_4_4
DET1
-5.7993708431217475e-08	0.005128184459474271	1461.2936800445527
-3.866247228812884e-08	0.005212567714129478	1500.8287345348426
-3.866247228682779e-08	0.005355959454654391	1542.5319266893644
-5.026121397398202e-08	0.005527333361742492	1586.5968015906667
-6.18599556598352e-08	0.005707615292447898	1633.2380699718458
-5.026121397398202e-08	0.005850097897144523	1682.703015539751
-7.732494457430611e-08	0.006090293224962239	1735.1940589406997
DET2
-1.2371991131901987e-07	0.0050852147493941615	1472.1726171055163
-4.252871951674656e-08	0.00499713870441476	1512.1022474532328
-1.546498891577195e-08	0.005042948346548392	1554.1756892733445
-4.2528719516096046e-08	0.005270774917045861	1598.5069962368436
-6.572620288845293e-08	0.005463555321183921	1645.4825494586682
-6.959245011707066e-08	0.005637894645826202	1695.286393149453
-5.7993708430566953e-08	0.005774858014194306	1748.204015974002
DET3
1.3918490023153923e-07	0.00415715246834436	1482.8359973051797
-4.2528719516096046e-08	0.004755973878622809	1522.85523185441
-6.18599556598352e-08	0.004924631363531272	1565.1395796920563
-5.412746120194922e-08	0.005039553852319577	1609.8526842866956
-6.959245011707066e-08	0.0052081767580427485	1657.1634509892474
-5.7993708430566953e-08	0.005332068301681646	1707.3305792209069
-9.278993349007806e-08	0.0055661987110180436	1760.5764456653142

STD SETTING: K_1_4
DET1
-5.1549963049537405e-08	0.006429471476870563	2023.6739196616877
9.021243533441364e-08	0.006281892231758456	2098.853768264416
3.350747598135364e-08	0.00680432391854424	2179.3967459430573
9.278993348682546e-08	0.006800660136388803	2266.747171185352
9.278993348682546e-08	0.007096896035939214	2361.1206850621934
7.474744641994273e-08	0.007527065982846136	2463.6410277094983
DET2
-4.6394966745364286e-08	0.005882813844391265	1967.2962162259932
-5.4127461203250264e-08	0.006135656094814366	2037.539044070785
5.154996302221551e-09	0.006213876926832949	2113.0609255629033
9.278993348682546e-08	0.006185239008191345	2194.493398177801
5.928245750547182e-08	0.006690524068785564	2282.05288957799
9.278993348682546e-08	0.006916557006405809	2377.073965775512
-4.8972464898426624e-08	0.007504873478478612	2480.313529187233
DET3
-7.2169948270133e-08	0.00564373530084683	1979.9567670307629
-1.0309992609907481e-07	0.0058875478973543505	2050.688696176625
-8.247994087978026e-08	0.006047347628473476	2126.6632179347225
1.4176239838395105e-07	0.005699285262699138	2208.6019235778153
1.0309992609777377e-07	0.005866257556244258	2296.9959060281553
-1.804248706818377e-08	0.006470773088711023	2392.4387993978494
-7.732494457365559e-08	0.0067965848965301215	2496.3635382448565

STD SETTING: K_2_4
DET1
-6.443745381224702e-08	0.00664582897609045	2007.1262459410482
6.443745381029545e-08	0.006582120812501423	2081.6408757005765
-3.866247228877936e-08	0.007075490502006509	2161.596735447851
-2.3197483373007407e-08	0.007325808237481634	2248.043767255079
-4.381746859230195e-08	0.007699893961819137	2341.596952838981
-2.602085213965212e-18	0.007928943275602007	2443.318741141873
DET2
9.794492979099856e-08	0.006022201440189501	2021.4740268169567
-8.505743903219209e-08	0.0066198882728820685	2096.2925876299887
-7.2169948270133e-08	0.006828872254421413	2176.933502164971
1.2887490760758048e-08	0.006915218410462387	2263.9973818660746
9.536743163923727e-08	0.006979048827429945	2358.4396947759783
9.27899334881265e-08	0.007466676704751983	2460.659295055154
DET3
-5.4127461203250264e-08	0.006003537904810563	2035.0321304310269
-5.670495935566208e-08	0.0061215326189050226	2110.438361123238
-1.701148780617821e-07	0.006550454419622652	2191.559780400369
7.990244272346533e-08	0.006135855573273785	2279.390466784541
-1.0309992609907481e-07	0.006856448217979593	2374.123690972433
5.154996304693532e-08	0.006657950992176919	2477.4236710628597

STD SETTING: K_3_4
DET1
-5.670495935566208e-08	0.0068234278925497485	1989.9855686389103
-6.185995565788363e-08	0.0070995422510848885	2063.7062876530663
-5.1549963050838454e-08	0.007331514554631323	2143.106897466424
1.5464988914470907e-08	0.007479422675954694	2228.826662309051
4.6394966742111686e-08	0.007651504881139414	2321.8038403144405
1.5464988913169865e-08	0.008209853726355075	2422.4558679910115
DET2
-5.670495935566208e-08	0.00652199582367785	2004.725544669515
-7.732494457495664e-08	0.006797130951435636	2078.9822622587435
-5.928245750677286e-08	0.007019323242716257	2158.9444258263547
-6.185995565918469e-08	0.007304268684915404	2245.2615620922347
-2.3197483373007407e-08	0.007522537418377382	2338.769494769025
7.732494457235454e-09	0.007780064444735889	2440.3569770074896
DET3
-6.701495196530936e-08	0.006223649375197037	2018.753168291361
-9.278993349072857e-08	0.006510889327844938	2093.489248761587
-9.536743164183936e-08	0.006640012351331491	2174.089809494402
-7.2169948270133e-08	0.006799756278477175	2260.9924791652024
9.278993348682546e-08	0.0066202475380716655	2355.2871468861354
8.247994087717818e-08	0.006997939440665179	2457.44187634358

STD SETTING: K_4_4
DET1
-6.443745381159649e-08	0.007030814697034592	1972.2715018714703
-2.3197483373007407e-08	0.007171608445862843	2045.4273727912844
7.73249445710535e-08	0.007208112597949955	2124.1918492464038
-3.350747598265468e-08	0.007810452749328788	2208.997940216304
-5.154996306124679e-09	0.008136772504999888	2300.982410222376
-4.123997044119118e-08	0.008504388996161127	2400.927326573539
DET2
-6.701495196530936e-08	0.006750798571365623	1987.4225020108622
-8.247994087847922e-08	0.007038514682606633	2061.0211367179813
-6.701495196400832e-08	0.007239534753053832	2140.3419127959082
-4.123997043989013e-08	0.0074775416413590525	2225.9425186222825
7.216994826622987e-08	0.007464824249393541	2318.8306300946992
4.381746858969987e-08	0.007998917638199375	2419.3472283241335
DET3
-8.247994087978026e-08	0.006460756282530733	2001.8832409500121
-7.474744642124377e-08	0.006669066202330986	2076.058289627724
-9.278993348942753e-08	0.006928471748115948	2155.9103591123376
-7.732494457365559e-08	0.007110967603874529	2242.147468121975
3.3507475980052596e-08	0.007050095002876454	2335.604594680121
3.092997782764078e-08	0.007309740112618312	2436.97495744794

