STD SETTING: Y_1_2
DET1
-0.383664	1562.033599	2575850.283996
-0.350167	1582.572180	2544474.102083
-0.308993	1501.552643	2369647.763097
-0.325662	1515.526335	2326151.892045
-0.243474	1375.829060	2164197.619806
-0.195176	1215.809410	2072721.908933
-0.113741	1028.200554	1822776.464918
-0.115058	866.422628	1500449.128986
-0.099506	683.976376	697190.464323
DET2
-0.404352	568.855913	4418921.018633
-0.395366	569.296843	4576736.278033
-0.363733	528.714992	4460872.323675
-0.395020	566.331626	4377505.122408
-0.374263	554.836299	4308243.994782
-0.308140	395.878450	4147210.183240
-0.257394	364.536862	3905893.246078
-0.160266	277.637708	3152644.984387
-0.231808	501.381571	2154228.820264
DET3
0.042906	-1187.731583	4099647.508243
-0.077772	-989.874743	4244103.317969
-0.170860	-701.146231	4048056.764222
-0.193160	-623.185261	3855444.448792
-0.197504	-640.542842	3864956.756154
-0.134480	-704.356036	3684861.870031
-0.096638	-770.566718	3575269.250078
-0.081225	-645.517932	3100153.507828
-0.105778	-410.661942	2357483.650473
STD SETTING: Y_2_2
DET1
-0.445949	2218.696014	3005494.765854
-0.384702	2193.589225	2906582.725601
-0.354211	2132.014162	2677459.303252
-0.355523	2121.909871	2589114.702309
-0.237194	1899.413507	2391309.817752
-0.179061	1709.106105	2265147.358329
-0.073581	1414.864851	1940904.375820
-0.084012	1213.028016	1578720.155612
DET2
-0.574148	1183.946727	6086484.077292
-0.571775	1242.560903	6254921.756707
-0.527295	1192.428733	6049256.586426
-0.579487	1258.403589	5987419.669966
-0.553128	1264.858891	5839787.017056
-0.459232	1029.737115	5638655.898305
-0.382197	987.869495	5210141.568154
-0.204631	622.483142	4369786.717804
-0.335907	1004.989270	2335600.419301
DET3
0.012424	-1543.211316	6592990.885298
-0.253238	-1045.114398	6735943.536947
-0.419068	-528.566444	6387036.357951
-0.451653	-433.982127	6145323.973758
-0.451925	-456.408701	6165701.323281
-0.341042	-596.693990	5885964.580544
-0.290505	-687.549860	5741946.896576
-0.246547	-534.288312	4943287.836602
-0.177404	-315.037093	3118990.317402
STD SETTING: J_1_3
DET1
-0.747994	1405.901726	5085003.173339
-0.611302	1829.034123	7846075.231339
-0.582591	1907.718015	7540640.607144
-0.637192	2164.522476	6946747.585238
-0.702062	2215.666622	6598840.139327
-0.692091	2256.699702	6418662.759834
-0.623499	2165.022265	5750109.498754
-0.593918	1948.599732	4986398.913979
-0.518655	1774.949519	4118015.368893
DET2
-0.357499	34.840923	4538962.491259
-0.233222	78.599841	9344268.008444
-0.267374	98.017289	9280381.351423
-0.306550	213.201772	9054502.003460
-0.450966	439.497608	8610590.924214
-0.455356	367.234952	8539640.483841
-0.421799	393.082191	7967002.115931
-0.412318	479.072573	6910340.116017
-0.150491	-22.713979	6099854.886648
DET3
0.033229	-2215.780513	9075515.402891
-0.316993	-1458.299561	8728456.170818
-0.437137	-1065.724674	8390575.494344
-0.440988	-964.632904	7898374.397819
-0.344039	-1212.714099	7766925.920956
-0.260612	-1296.980818	7462746.341691
-0.192082	-1293.003416	6753368.095008
-0.195356	-1074.412768	5854905.202032
STD SETTING: J_2_3
DET1
-0.578474	1720.536269	3601907.827203
-0.370862	1807.328169	4112103.408541
-0.335927	1873.078603	3834863.631651
-0.345001	1921.174010	3417642.914491
-0.381396	1923.587445	3187176.118833
-0.360351	1940.683251	2973976.867824
-0.287389	1711.726547	2562902.249082
-0.200703	1316.407071	2220864.420985
-0.224864	1243.617521	1728441.642212
DET2
-0.398236	409.366408	4771911.330372
-0.338260	652.858577	6841904.599859
-0.402230	808.224619	6614326.110227
-0.463443	1108.014299	6127684.388135
-0.417286	1028.594779	5683301.811057
-0.413981	987.487397	5597615.077994
-0.371986	1001.313445	5012417.637547
-0.315815	964.475693	4191242.245833
-0.289372	938.558401	3520838.163821
DET3
0.008704	-916.813039	3532696.608283
-0.092471	-1234.587978	7273187.433040
-0.388765	-575.509601	7003219.103153
-0.482087	-248.771239	6717186.887192
-0.485435	-184.884471	6319749.670162
-0.406296	-382.491507	6274595.320648
-0.345220	-406.363233	5941554.676926
-0.287037	-403.690933	5302114.872045
-0.456868	203.643778	4306969.788526
STD SETTING: J_3_3
DET1
-0.543353	1966.470866	3320297.260878
-0.272215	1794.868872	3345330.234135
-0.216216	1812.758938	3069532.836221
-0.230993	1831.596765	2692981.978365
-0.274855	1858.656658	2476825.124215
-0.247815	1847.440394	2250508.954210
-0.180725	1582.851661	1908657.732337
-0.183078	1352.749180	1608081.998908
-0.176740	1196.341184	1205409.572002
DET2
-0.435311	791.053297	5181753.244376
-0.360137	1006.473434	6396450.402158
-0.413518	1160.008801	6167375.622520
-0.444038	1395.677324	5658266.706153
-0.396412	1282.422313	5265119.262909
-0.418145	1309.476634	5139351.370994
-0.349330	1264.941287	4534265.927201
-0.239259	1051.588195	3825007.608596
-0.199181	1018.454219	3119050.863498
DET3
-0.394375	-351.771344	4416307.244666
-0.187462	-894.570158	7539927.582517
-0.477380	-227.767401	7265376.442687
-0.568187	110.485732	6935921.054667
-0.576663	170.558992	6523017.089197
-0.497551	-21.542873	6526793.070776
-0.422292	-59.075686	6140581.977316
-0.373070	-45.755452	5458454.398277
-0.195646	-222.888490	4698443.407603
STD SETTING: H_1_4
DET1
-0.554119	597.444725	9078031.815580
-0.532591	823.043038	9330484.097169
-0.410181	750.565833	9172944.427242
-0.469524	712.818442	9069102.416701
-0.300692	258.813637	9224336.254263
-0.142216	-140.027567	9210952.485420
-0.140148	-256.089233	8286662.622331
-0.307926	258.361068	6603391.610477
DET2
-0.193608	-634.816208	8796466.326041
-0.375825	-66.571228	9092437.978893
-0.361877	94.189076	9039989.799992
-0.443962	160.079796	8875336.504948
-0.447295	32.604826	8819254.561912
-0.359548	-180.023251	8805360.142009
-0.202752	-487.918408	7947372.547270
-0.173231	-452.123373	6366107.604292
DET3
-0.030151	-1607.550695	7029610.359508
-0.272580	-1318.559426	7713961.212821
-0.396199	-983.304637	7832708.222865
-0.381930	-874.386241	7363474.220514
-0.192602	-1271.493338	7101093.569171
-0.099730	-1511.347601	7093552.585303
-0.095166	-1337.687956	6315624.530857
-0.064750	-1037.940196	4472001.186678
STD SETTING: H_2_4
DET1
-0.442014	847.304522	7127710.730856
-0.477416	1084.857983	7473544.632128
-0.447557	1132.516361	7307754.395312
-0.374195	939.112156	7008843.684180
-0.285606	722.539156	7114315.029670
-0.202994	616.965508	6650604.378641
-0.182645	567.696817	5550554.259205
-0.242071	718.784566	3176868.246971
DET2
-0.175127	-187.039791	7782796.171647
-0.191201	-221.808182	8579469.168059
-0.273689	78.489567	8590226.998241
-0.306905	192.956306	8146334.877755
-0.297395	79.828401	8182264.660592
-0.261579	122.100902	7847431.201235
-0.234342	229.714093	6616045.376983
-0.228640	328.564331	3992539.885182
DET3
-0.032608	-1370.582121	7149749.602962
-0.415489	-678.508665	7679680.759065
-0.512286	-344.255574	7770153.683447
-0.430966	-451.736721	7443924.279314
-0.342188	-670.060011	7310719.772805
-0.309359	-727.085697	7256666.642290
-0.231507	-655.961879	6394413.403116
-0.206563	-275.796919	3332877.124167
STD SETTING: H_3_4
DET1
-0.255493	891.652857	4915115.278994
-0.375626	1426.426862	4796280.451965
-0.344115	1426.347991	4547248.685479
-0.268443	1232.274501	4304096.966018
-0.203505	1124.743721	4270785.553760
-0.114032	945.820463	3770545.860291
-0.145115	903.597142	2977593.534945
-0.097900	530.467078	1071137.192110
-0.341039	669.925447	2187433.302696
DET2
-0.175179	303.549820	6285495.386565
-0.213717	416.141983	6837709.395576
-0.300262	744.715416	6707105.246415
-0.297475	759.545110	6305600.938438
-0.289070	701.735876	6339557.101724
-0.262400	803.264554	5814658.491812
-0.234721	846.089853	4702830.684602
-0.180983	495.197188	1776192.606479
0.238990	-634.979507	2406475.341563
DET3
-0.184401	-699.934802	6645283.561068
-0.497708	-65.983647	7142461.328518
-0.554415	187.263988	7188535.382248
-0.554567	242.890069	6804122.252873
-0.448798	37.249935	6800585.277844
-0.386732	-19.181245	6672780.858680
-0.302302	4.399113	5774633.335253
STD SETTING: H_4_4
DET1
-0.165870	1067.579115	3421041.982866
-0.208438	1430.157708	3119175.361432
-0.194253	1415.004543	2824616.583281
-0.132011	1250.174043	2619200.847325
-0.064333	1142.392938	2488195.392678
0.016958	862.189083	2105763.575403
-0.076118	861.235307	1556747.969352
-0.363354	1051.115030	2490492.086696
DET2
-0.165014	760.919650	5476724.234043
-0.199130	966.522214	5782626.284917
-0.288372	1310.241508	5483330.704489
-0.268807	1248.841083	5141093.591719
-0.251035	1230.654381	5095430.187449
-0.191201	1251.852745	4423340.372181
-0.181724	1181.311242	3433246.105063
-0.365404	714.183384	3275136.103183
DET3
-0.285346	-163.830808	6862547.672130
-0.620133	578.622606	7292464.007199
-0.713605	956.943412	7211876.207825
-0.660661	926.726671	6819954.704973
-0.537518	712.094158	6862790.925662
-0.476944	702.082077	6555494.592709
-0.378223	666.307090	5548120.910725
-0.019718	-404.262983	3267778.272708
STD SETTING: K_1_4
DET1
-0.053253	-124.199420	1363462.573385
-0.178112	148.074190	2852481.728819
-0.065673	-203.836336	3704739.152900
-0.187378	-22.712437	4755903.250531
-0.075275	-225.442976	4363822.200838
-0.054323	-622.923520	5977182.644294
-0.142500	-78.115984	4287213.419000
DET2
0.007745	-151.733342	937443.852608
-0.031764	-239.257343	2574882.876480
-0.053125	-262.621341	3131560.202961
-0.085590	-305.444464	4055456.329001
-0.059297	-288.917140	3730854.855036
-0.040244	-593.471675	4627632.968481
-0.076154	-197.503373	3748897.267996
DET3
-0.003148	-125.543918	664226.972511
-0.080322	-299.946976	2039038.289302
-0.114909	-337.760650	2414768.960247
-0.152224	-375.130403	3147382.388992
-0.118031	-364.977178	2982317.865009
-0.052262	-662.568854	3345824.173009
-0.103655	-445.919476	3130173.360758
STD SETTING: K_2_4
DET1
-0.134961	21.218604	2243551.325738
-0.202031	375.402389	3046973.260451
-0.246870	224.923930	4594021.244365
-0.225291	407.774774	5021854.845948
-0.134645	164.036428	4681076.710312
-0.132762	45.387753	6176051.598673
-0.171420	319.576791	3957207.997320
DET2
0.001066	-284.688301	1843864.064966
-0.058527	-70.293607	3174200.528673
0.007966	-404.958593	4217816.945275
-0.160865	26.230792	5166858.979436
-0.097369	-70.209141	4678239.189500
-0.156080	-54.400884	6076060.818407
-0.148866	217.047681	4073293.021466
DET3
0.012772	-276.908591	1294834.955984
-0.199910	-113.969231	2921624.752469
-0.276455	-20.400096	3531751.248116
-0.300660	-169.536446	4701376.794796
-0.226805	-184.069257	4320291.904932
-0.206296	-554.955992	5561044.020470
-0.252285	-95.709770	3886259.542954
STD SETTING: K_3_4
DET1
-0.191857	338.567257	2416358.970040
-0.149407	424.289853	2799302.925069
-0.283331	797.388803	4143145.010060
-0.212305	918.743850	3894299.486489
-0.034686	308.504631	4044113.055322
-0.127342	664.072539	4585522.528780
-0.122295	387.854057	2099006.111859
DET2
-0.032076	-157.548011	2487077.225722
-0.052487	133.151964	3258559.362742
-0.167835	199.172533	4879991.944069
-0.197639	534.008548	5192013.091915
-0.154939	417.067435	4783244.946714
-0.210294	748.207398	5898451.406340
-0.114717	414.373639	2451715.675848
DET3
-0.005117	-425.425752	2125421.605375
-0.290258	142.097718	3472553.461226
-0.312423	-102.470667	4728779.952548
-0.457193	314.784913	5675608.219445
-0.324763	117.497803	5229326.027743
-0.394426	120.695039	6962637.535907
-0.263565	254.743359	2793424.088974
STD SETTING: K_4_4
DET1
-0.149834	549.388905	1817032.846583
-0.155862	606.292854	2078008.362437
-0.154125	966.582994	2499500.580038
-0.052997	799.928584	2174818.477286
-0.041238	606.772230	2530544.738995
-0.039186	837.744936	2088049.266097
DET2
-0.078791	196.219191	2534176.970891
-0.023151	240.529285	2877950.706104
-0.185244	812.022664	4073157.627019
-0.163193	959.888756	3893323.354769
-0.116709	789.171601	3803908.697285
-0.080964	1141.615923	3977858.771341
DET3
-0.064141	-314.791410	2806233.826991
-0.352261	478.952551	3434619.346958
-0.539851	658.940008	5156620.691972
-0.506211	853.375130	5454330.427782
-0.395940	621.189046	5216630.432558
-0.508350	1101.219062	6397796.606089
