STD SETTING: Y_1_2
DET1
949.565	955.974
965.950	972.476
982.910	989.540
1000.388	1007.240
1018.661	1025.523
1037.519	1044.503
1057.053	1064.187
1077.363	1084.591
1098.469	1105.851
DET2
956.432	962.423
972.802	979.094
990.019	996.345
1007.700	1014.133
1026.017	1032.563
1045.006	1051.668
1064.605	1071.562
1085.147	1092.062
1106.426	1113.369
DET3
962.945	968.749
979.588	985.478
996.787	1002.782
1014.583	1020.687
1032.945	1039.224
1052.128	1058.456
1071.953	1078.398
1092.537	1099.101
1113.901	1120.582

STD SETTING: Y_2_2
DET1
964.296	970.855
981.237	987.907
998.837	1005.568
1016.928	1023.826
1035.744	1042.776
1055.354	1062.481
1075.640	1082.911
1096.597	1104.018
DET2
954.716	960.989
971.330	977.585
988.422	994.787
1005.906	1012.559
1024.318	1030.911
1043.275	1049.980
1062.854	1069.858
1083.346	1090.299
1104.547	1111.627
DET3
961.395	967.414
978.023	983.961
995.195	1001.228
1012.957	1019.100
1031.349	1037.544
1050.416	1056.806
1070.243	1076.729
1090.735	1097.266
1112.135	1118.860

STD SETTING: J_1_3
DET1
1122.194	1129.716
1145.132	1152.814
1168.988	1176.814
1193.872	1201.860
1219.824	1227.982
1246.925	1255.254
1275.336	1283.905
1304.850	1313.548
1335.872	1344.784
DET2
1130.288	1137.472
1153.332	1160.652
1177.380	1184.842
1202.438	1210.059
1228.565	1236.347
1255.849	1263.794
1284.350	1292.471
1314.184	1322.479
1345.399	1353.894
DET3
1137.935	1144.751
1161.163	1168.102
1185.343	1192.408
1210.533	1217.746
1236.886	1244.263
1264.317	1271.884
1293.038	1300.740
1323.069	1330.939

STD SETTING: J_2_3
DET1
1118.393	1125.999
1141.248	1149.011
1165.029	1172.948
1189.824	1197.908
1215.656	1223.933
1242.693	1251.127
1270.923	1279.540
1300.446	1309.259
1331.342	1340.356
DET2
1126.562	1133.842
1149.563	1156.981
1173.517	1181.073
1198.482	1206.195
1224.535	1232.394
1251.729	1259.782
1280.148	1288.374
1309.875	1318.287
1341.011	1349.614
DET3
1134.323	1141.221
1157.484	1164.512
1181.613	1188.798
1206.778	1214.118
1232.967	1240.440
1260.339	1267.983
1288.948	1296.752
1318.826	1326.843
1350.262	1358.202

STD SETTING: J_3_3
DET1
1116.444	1124.101
1139.261	1147.064
1162.996	1170.968
1187.754	1195.880
1213.579	1221.883
1240.532	1249.016
1268.725	1277.484
1298.182	1307.042
1329.041	1338.093
DET2
1124.656	1131.965
1147.619	1155.084
1171.565	1179.159
1196.473	1204.239
1222.466	1230.403
1249.627	1257.725
1277.951	1286.293
1307.672	1316.137
1338.752	1347.409
DET3
1132.412	1139.391
1155.584	1162.635
1179.626	1186.894
1204.783	1212.154
1230.963	1238.484
1258.286	1265.979
1286.855	1294.709
1316.744	1324.775
1348.018	1356.227

STD SETTING: H_1_4
DET1
1445.889	1455.352
1483.962	1493.681
1524.088	1534.055
1566.524	1576.661
1611.183	1621.717
1658.575	1669.404
1708.768	1719.960
1762.301	1773.730
DET2
1456.062	1465.066
1494.391	1503.650
1534.768	1544.277
1577.523	1587.200
1622.457	1632.490
1670.160	1680.495
1720.922	1731.409
1774.520	1785.606
DET3
1465.685	1474.210
1504.264	1513.025
1545.028	1553.942
1587.818	1596.987
1633.187	1642.692
1681.207	1690.989
1732.293	1741.943
1786.188	1796.433

STD SETTING: H_2_4
DET1
1438.712	1448.349
1476.595	1486.487
1516.469	1526.672
1558.651	1569.079
1603.184	1613.906
1650.326	1661.354
1700.249	1711.635
1753.340	1765.051
DET2
1449.076	1458.057
1487.248	1496.505
1527.404	1537.045
1569.808	1579.671
1614.683	1624.901
1662.152	1672.661
1712.433	1723.269
1765.894	1777.048
DET3
1458.889	1467.618
1497.283	1506.236
1537.750	1546.829
1580.481	1589.913
1625.612	1635.305
1673.383	1683.343
1724.023	1734.253
1777.836	1788.160

STD SETTING: H_3_4
DET1
1431.317	1441.114
1469.050	1479.053
1508.731	1519.154
1550.608	1561.266
1594.947	1605.857
1641.835	1653.068
1691.572	1703.107
1744.325	1756.357
DET2
1441.815	1451.126
1479.786	1489.424
1519.799	1529.658
1562.024	1572.251
1606.649	1617.033
1653.868	1664.547
1703.904	1715.043
1757.123	1768.636
DET3
1489.982	1499.216
1530.381	1539.726
1572.954	1582.448
1617.863	1627.596
1665.332	1675.490
1715.849	1726.059
1769.372	1779.849

STD SETTING: H_4_4
DET1
1461.299	1471.553
1500.834	1511.342
1542.537	1553.339
1586.602	1597.706
1633.244	1644.668
1682.709	1694.473
1735.200	1747.343
DET2
1472.178	1482.068
1512.107	1522.158
1554.181	1564.439
1598.512	1609.123
1645.488	1656.396
1695.292	1706.541
1748.210	1759.788
DET3
1482.840	1491.934
1522.860	1532.417
1565.145	1574.966
1609.858	1619.947
1657.169	1667.538
1707.336	1718.007
1760.582	1771.587

STD SETTING: K_1_4
DET1
2023.680	2036.625
2098.860	2112.097
2179.404	2193.473
2266.754	2281.064
2361.128	2376.044
2463.649	2479.370
DET2
1967.302	1979.150
2037.545	2049.878
2113.067	2125.809
2194.500	2207.550
2282.060	2296.004
2377.081	2391.628
2480.321	2495.478
DET3
1979.962	1991.212
2050.695	2062.314
2126.669	2138.702
2208.608	2220.869
2297.002	2309.442
2392.445	2405.615
2496.370	2509.959

STD SETTING: K_2_4
DET1
2007.133	2020.467
2081.647	2095.391
2161.604	2175.925
2248.051	2262.950
2341.605	2357.183
2443.327	2459.557
DET2
2021.480	2034.218
2096.299	2109.493
2176.940	2190.616
2264.004	2278.214
2358.447	2373.133
2460.667	2476.340
DET3
2035.038	2047.100
2110.444	2122.737
2191.566	2204.262
2279.397	2292.292
2374.131	2387.733
2477.430	2491.275

STD SETTING: K_3_4
DET1
1989.992	2003.722
2063.713	2077.987
2143.114	2157.906
2228.834	2244.209
2321.811	2337.669
2422.464	2439.335
DET2
2004.732	2017.845
2078.989	2092.578
2158.951	2173.071
2245.269	2259.961
2338.777	2354.078
2440.365	2456.323
DET3
2018.759	2031.218
2093.496	2106.434
2174.096	2187.289
2260.999	2274.616
2355.294	2369.235
2457.449	2472.120

STD SETTING: K_4_4
DET1
1972.279	1986.400
2045.435	2060.018
2124.199	2139.278
2209.006	2224.853
2300.991	2317.625
2400.936	2418.171
DET2
1987.429	2000.967
2061.028	2075.090
2140.349	2154.887
2225.950	2241.084
2318.838	2334.421
2419.355	2435.913
DET3
2001.890	2014.769
2076.065	2089.403
2155.917	2169.711
2242.155	2256.386
2335.612	2350.184
2436.982	2452.075

